5005089.426369807
5005016.815865612
5004929.624324704
5004845.782966352
5004757.097464638
5004667.1813470945
5004576.729451658
5004486.762402291
5004397.709904383
5004309.851234018
5004223.305472864
5004138.1168511
5004054.2803925015
5003971.770367578
5003890.5646049995
5003810.677918757
5003732.208475597
5003655.385724214
5003580.556293167
5003508.013203543
5003437.769906402
5003369.575423374
5003303.115007458
5003238.138561
5003174.486478132
5003112.077867448
5003050.891356925
5002990.943924902
5002932.269745078
5002874.902767606
5002818.866041377
5002764.167731584
5002710.801479472
5002658.748606743
5002607.980775243
5002558.462776217
5002510.155612871
5002463.0200260095
5002417.020317735
5002372.127922744
5002328.323796278
5002285.598517701
5002243.949274177
5002203.373670613
5002163.86133823
5002125.385052394
5002087.893179531
5002051.304941518
5002015.509694861
5001980.371350985
5001945.738801719
5001911.462117344
5001877.4122053925
5001843.499331746
5001809.684834531
5001775.981787168
5001742.444361299
5001709.15024216
5001676.182649051
5001643.617054215
5001611.514281141
5001579.918885017
5001548.860686489
5001518.357594768
5001488.418561769
5001459.04612868
5001430.238411018
5001401.99055516
5001374.295765965
5001347.14601264
5001320.5325043015
5001294.446005601
5001268.8770434065
5001243.816040247
5001219.253398958
5001195.179554977
5001171.585007265
5001148.460335179
5001125.796206124
5001103.583377223
5001081.812693167
5001060.475081741
5001039.561548088
5001019.063168499
5000998.971084388
5000979.276497036
5000959.970663642
5000941.04489529
5000922.490557418
5000904.299073428
5000886.461932102
5000868.970699475
5000851.817035729
5000834.992717599
5000818.489666478
5000802.299982123
5000786.415981342
5000770.830240385
5000755.535639006
5000740.525403291
5000725.793143489
5000711.33288243
5000697.13906987
5000683.206578445
5000669.530678071
5000656.106987596
5000642.931405147
5000630.000021522
5000617.309023586
5000604.854596502
5000592.632834157
5000580.639666425
5000568.870809986
5000557.321746858
5000545.987731962
5000534.8638287
5000523.944969485
5000513.226036947
5000502.701960706
5000492.367823973
5000482.218973881
5000472.251128804
5000462.460475512
5000452.843748521
5000443.39828424
5000434.1220433265
5000425.013596752
5000416.0720741125
5000407.297076692
5000398.688561898
5000390.246709142
5000381.971779351
5000373.863980465
5000365.923349628
5000358.149659673
5000350.542353798
5000343.100508708
5000335.822823594
5000328.707630468
5000321.752920511
5000314.956381133
5000308.315438986
5000301.827305107
5000295.489019313
5000289.297491896
5000283.249541424
5000277.341928075
5000271.57138233
5000265.934629183
5000260.428408183
5000255.0494897105
5000249.794687973
5000244.660871142
5000239.644969073
5000234.74397901
5000229.954969595
5000225.275083506
5000220.701538975
5000216.231630409
5000211.862728285
5000207.5922784945
5000203.417801252
5000199.336889663
5000195.347208058
5000191.44649015
5000187.6325370595
5000183.903215282
5000180.256454606
5000176.690246014
5000173.202639613
5000169.791742568
5000166.455717099
5000163.192778507
5000160.001193273
5000156.879277206
5000153.825393669
5000150.837951852
5000147.91540513
5000145.056249474
5000142.259021938
5000139.522299195
5000136.844696156
5000134.224864629
5000131.661492047
5000129.153300253
5000126.699044327
5000124.2975114845
5000121.947519995
5000119.6479181815
5000117.397583429
5000115.195421265
5000113.040364462
5000110.9313721815
5000108.867429159
5000106.847544918
5000104.870753018
5000102.936110339
5000101.042696379
5000099.1896126
5000097.375981785
5000095.600947427
5000093.8636731375
5000092.163342083
5000090.499156436
5000088.870336855
5000087.276121972
5000085.715767908
5000084.188547805
5000082.693751369
5000081.230684434
5000079.798668539
5000078.397040518
5000077.025152109
5000075.682369567
5000074.368073303
5000073.081657518
5000071.822529864
5000070.590111101
5000069.383834785
5000068.203146945
5000067.047505775
5000065.916381348
5000064.809255323
5000063.725620669
5000062.664981395
5000061.626852281
5000060.610758637
5000059.616236041
5000058.642830106
5000057.690096247
5000056.757599448
5000055.844914044
5000054.951623509
5000054.077320237
5000053.2216053475
5000052.384088484
5000051.564387618
5000050.762128864
5000049.976946295
5000049.208481761
5000048.456384722
5000047.720312068
5000046.999927962
5000046.294903677
5000045.604917436
5000044.929654256
5000044.26880581
5000043.622070266
5000042.989152153
5000042.369762224
5000041.763617313
5000041.170440206
5000040.589959514
5000040.021909544
5000039.466030173
5000038.922066736
5000038.389769898
5000037.868895547
5000037.35920468
5000036.860463288
5000036.372442258
5000035.894917261
5000035.4276686525
5000034.9704813715
5000034.523144849
5000034.085452897
5000033.657203635
5000033.238199385
5000032.828246585
5000032.427155707
5000032.034741165
5000031.650821236
5000031.2752179755
5000030.907757141
5000030.548268111
5000030.196583813
5000029.852540642
5000029.515978394
5000029.186740192
5000028.864672416
5000028.549624636
5000028.241449543
5000027.940002887
5000027.645143408
5000027.35673278
5000027.074635545
5000026.798719053
5000026.528853408
5000026.264911405
5000026.006768474
5000025.754302636
5000025.50739443
5000025.26592688
5000025.029785428
5000024.798857896
5000024.573034426
5000024.35220744
5000024.136271587
5000023.925123701
5000023.718662754
5000023.516789811
5000023.319407985
5000023.126422401
5000022.937740148
5000022.75327024
5000022.572923576
5000022.396612906
5000022.224252784
5000022.055759534
5000021.891051222
5000021.730047603
5000021.572670104
5000021.4188417755
5000021.268487265
5000021.121532786
5000020.977906076
5000020.837536379
5000020.700354399
5000020.566292286
5000020.435283589
5000020.307263244
5000020.182167533
5000020.059934061
5000019.940501732
5000019.823810713
5000019.70980242
5000019.59841948
5000019.489605716
5000019.383306119
5000019.279466819
5000019.178035069
5000019.07895922
5000018.982188694
5000018.887673967
5000018.795366545
5000018.705218944
5000018.617184666
5000018.531218186
5000018.447274921
5000018.365311222
5000018.285284347
5000018.207152444
5000018.130874536
5000018.056410499
5000017.983721047
5000017.912767711
5000017.843512829
5000017.775919524
5000017.709951687
5000017.645573965
5000017.582751744
5000017.521451134
5000017.461638954
5000017.403282713
5000017.3463506065
5000017.29081149
5000017.236634875
5000017.183790909
5000017.132250369
5000017.081984639
5000017.0329657085
5000016.98516615
5000016.938559116
5000016.89311832
5000016.848818028
5000016.805633049
5000016.763538719
5000016.722510892
5000016.682525933
5000016.643560702
5000016.605592548
5000016.568599298
5000016.532559242
5000016.497451134
5000016.463254172
5000016.429947995
5000016.39751267
5000016.365928686
5000016.3351769475
5000016.305238759
5000016.276095821
5000016.247730224
5000016.220124437
5000016.1932612965
5000016.167124011
5000016.141696136
5000016.116961585
5000016.09290461
5000016.069509792
5000016.046762049
5000016.024646614
5000016.003149037
5000015.982255176
5000015.961951187
5000015.9422235275
5000015.923058938
5000015.904444447
5000015.886367356
5000015.868815243
5000015.851775947
5000015.835237572
5000015.819188472
5000015.803617255
5000015.788512772
5000015.773864113
5000015.7596606035
5000015.745891797
5000015.732547475
5000015.719617637
5000015.7070924975
5000015.694962482
5000015.683218226
5000015.671850563
5000015.660850529
5000015.65020935
5000015.639918445
5000015.629969418
5000015.620354056
5000015.611064323
5000015.602092359
5000015.593430474
5000015.585071147
5000015.57700702
5000015.569230894
5000015.56173573
5000015.554514643
5000015.547560895
5000015.540867899
5000015.534429211
5000015.52823853
5000015.522289692
5000015.516576669
5000015.511093565
5000015.505834615
5000015.500794182
5000015.49596675
5000015.491346929
5000015.486929446
5000015.482709147
5000015.47868099
5000015.474840045
5000015.471181495
5000015.467700626
5000015.464392832
5000015.461253608
5000015.458278551
5000015.455463356
5000015.452803817
5000015.450295817
5000015.447935335
5000015.445718442
5000015.443641293
5000015.441700134
5000015.439891295
5000015.438211186
5000015.436656303
5000015.435223216
5000015.433908579
5000015.432709117
5000015.431621634
5000015.430643004
5000015.429770175
5000015.42900016
5000015.428330045
5000015.427756984
5000015.427278193
5000015.426890952
5000015.426592606
5000015.4263805635
5000015.426252288
5000015.426205304
5000015.426237196
5000015.426345601
5000015.426528214
5000015.426782781
5000015.427107105
5000015.427499037
5000015.427956481
5000015.42847739
5000015.429059761
5000015.429701647
5000015.430401138
5000015.431156376
5000015.431965547
5000015.432826876
5000015.433738633
5000015.434699131
5000015.435706722
5000015.436759797
5000015.437856786
5000015.43899616
5000015.440176425
5000015.441396122
5000015.442653828
5000015.443948159
5000015.445277761
5000015.446641311
5000015.4480375275
5000015.449465151
5000015.450922958
5000015.452409756
5000015.453924381
5000015.455465698
5000015.4570326
5000015.458624011
5000015.460238879
5000015.461876177
5000015.463534911
5000015.465214106
5000015.466912815
5000015.468630115
5000015.470365103
5000015.472116908
5000015.473884673
5000015.475667568
5000015.477464783
5000015.47927553
5000015.481099041
5000015.482934572
5000015.484781391
5000015.486638795
5000015.488506092
5000015.490382614
5000015.492267708
5000015.494160742
5000015.496061094
5000015.497968169
5000015.499881382
5000015.501800166
5000015.50372397
5000015.505652256
5000015.507584506
5000015.509520212
5000015.511458884
5000015.513400042
5000015.515343225
5000015.517287981
5000015.519233872
5000015.521180475
5000015.523127378
5000015.525074181
5000015.527020496
5000015.528965948
5000015.530910171
5000015.532852812
5000015.534793529
5000015.536731989
5000015.538667872
5000015.540600863
5000015.542530664
5000015.544456982
5000015.546379533
5000015.548298045
5000015.550212253
5000015.552121901
5000015.5540267425
5000015.555926538
5000015.557821058
5000015.559710079
5000015.561593385
5000015.563470772
5000015.565342035
5000015.567206984
5000015.569065435
5000015.570917206
5000015.572762125
5000015.574600028
5000015.576430754
5000015.578254151
5000015.580070071
5000015.5818783725
5000015.583678922
5000015.585471586
5000015.587256243
5000015.589032774
5000015.590801062
5000015.592561002
5000015.594312487
5000015.596055418
5000015.597789703
5000015.59951525
5000015.601231974
5000015.602939794
5000015.604638632
5000015.606328418
5000015.608009079
5000015.609680552
5000015.611342777
5000015.612995694
5000015.6146392515
5000015.616273398
5000015.617898085
5000015.619513271
5000015.621118915
5000015.622714979
5000015.624301428
5000015.625878232
5000015.627445362
5000015.629002791
5000015.630550497
5000015.632088461
5000015.633616663
5000015.635135087
5000015.636643723
5000015.638142558
5000015.639631584
5000015.641110797
5000015.642580192
5000015.644039765
5000015.645489518
5000015.646929453
5000015.648359574
5000015.649779888
5000015.6511904
5000015.652591123
5000015.653982065
5000015.655363239
5000015.656734662
5000015.658096348
5000015.6594483135
5000015.660790578
5000015.662123162
5000015.663446088
5000015.664759377
5000015.6660630535
5000015.667357143
5000015.668641671
5000015.669916666
5000015.6711821575
5000015.6724381745
5000015.673684746
5000015.674921906
5000015.676149687
5000015.67736812
5000015.6785772415
5000015.679777088
5000015.680967692
5000015.6821490945
5000015.683321331
5000015.684484438
5000015.685638458
5000015.686783427
5000015.687919389
5000015.689046382
5000015.690164449
5000015.691273631
5000015.692373972
5000015.693465514
5000015.694548301
5000015.695622376
5000015.696687785
5000015.697744572
5000015.698792782
5000015.699832461
5000015.700863655
5000015.701886409
5000015.702900772
5000015.703906789
5000015.704904508
5000015.705893976
5000015.706875241
5000015.707848351
5000015.708813353
5000015.709770298
5000015.7107192315
5000015.711660204
5000015.712593263
5000015.7135184575
5000015.714435837
5000015.715345451
5000015.716247348
5000015.717141578
5000015.71802819
5000015.718907233
5000015.719778758
5000015.720642812
5000015.721499446
5000015.72234871
5000015.723190652
5000015.724025324
5000015.724852772
5000015.725673049
5000015.726486203
5000015.727292282
5000015.728091338
5000015.728883417
5000015.729668573
5000015.73044685
5000015.7312183
5000015.731982971
5000015.732740912
5000015.733492171
5000015.734236799
5000015.7349748425
5000015.73570635
5000015.73643137
5000015.737149951
5000015.73786214
5000015.7385679865
5000015.739267536
5000015.739960838
5000015.740647938
5000015.741328885
5000015.742003724
5000015.742672504
5000015.74333527
5000015.74399207
5000015.744642948
5000015.745287952
5000015.745927127
5000015.74656052
5000015.747188173
5000015.747810136
5000015.74842645
5000015.749037163
5000015.749642318
5000015.750241959
5000015.750836131
5000015.751424877
5000015.7520082425
5000015.752586271
5000015.753159003
5000015.753726484
5000015.754288756
5000015.754845862
5000015.755397846
5000015.755944747
5000015.756486608
5000015.757023471
5000015.757555378
5000015.758082369
5000015.758604486
5000015.759121768
5000015.759634257
5000015.760141994
5000015.760645016
5000015.761143366
5000015.761637081
5000015.762126202
5000015.762610765
5000015.763090813
5000015.763566381
5000015.764037509
5000015.764504235
5000015.764966596
5000015.76542463
5000015.765878374
5000015.766327863
5000015.766773136
5000015.76721423
5000015.767651181
5000015.768084022
5000015.768512793
5000015.768937526
5000015.769358259
5000015.769775024
5000015.7701878585
5000015.770596796
5000015.77100187
5000015.771403115
5000015.771800565
5000015.772194253
5000015.772584213
5000015.772970477
5000015.773353079
5000015.773732051
5000015.774107425
5000015.774479233
5000015.774847507
5000015.775212277
5000015.775573578
5000015.775931437
5000015.776285889
5000015.77663696
5000015.776984684
5000015.777329089
5000015.777670207
5000015.778008066
5000015.778342696
5000015.778674126
5000015.779002385
5000015.779327502
5000015.779649505
5000015.779968423
5000015.780284284
5000015.780597114
5000015.780906944
5000015.781213799
5000015.781517707
5000015.781818694
5000015.7821167875
5000015.782412015
5000015.782704401
5000015.782993972
5000015.783280755
5000015.783564775
5000015.783846058
5000015.784124628
5000015.78440051
5000015.784673731
5000015.784944313
5000015.785212282
5000015.7854776615
5000015.785740476
5000015.786000749
5000015.786258505
5000015.786513765
5000015.786766555
5000015.7870168965
5000015.787264813
5000015.787510326
5000015.787753459
5000015.787994234
5000015.788232674
5000015.7884688
5000015.788702631
5000015.788934194
5000015.789163506
5000015.789390588
5000015.789615464
5000015.789838154
5000015.790058676
5000015.790277053
5000015.790493303
5000015.7907074485
5000015.790919509
5000015.791129502
5000015.791337447
5000015.791543367
5000015.7917472785
5000015.7919492
5000015.792149153
5000015.792347154
5000015.792543221
5000015.792737373
5000015.79292963
5000015.793120007
5000015.7933085235
5000015.793495197
5000015.793680045
5000015.793863085
5000015.794044334
5000015.794223811
5000015.794401528
5000015.794577507
5000015.794751762
5000015.794924311
5000015.795095167
5000015.79526435
5000015.795431874
5000015.795597755
5000015.79576201
5000015.795924653
5000015.7960857
5000015.796245167
5000015.796403068
5000015.796559419
5000015.796714234
5000015.796867528
5000015.797019317
5000015.797169613
5000015.7973184325
5000015.797465788
5000015.797611696
5000015.797756168
5000015.797899219
5000015.798040863
5000015.798181112
5000015.7983199805
5000015.798457483
5000015.798593631
5000015.798728437
5000015.798861916
5000015.798994081
5000015.799124942
5000015.799254514
5000015.799382808
5000015.799509838
5000015.799635615
5000015.799760152
5000015.79988346
5000015.800005551
5000015.800126438
5000015.800246132
5000015.800364643
5000015.800481985
5000015.80059817
5000015.800713205
5000015.800827105
5000015.800939879
5000015.801051539
5000015.801162097
5000015.8012715615
5000015.801379943
5000015.801487254
5000015.801593504
5000015.801698703
5000015.8018028615
5000015.80190599
5000015.802008098
5000015.802109196
5000015.802209293
5000015.802308399
5000015.802406524
5000015.802503679
5000015.802599871
5000015.80269511
5000015.802789407
5000015.802882768
5000015.802975207
5000015.803066729
5000015.803157343
5000015.80324706
5000015.803335887
5000015.803423835
5000015.80351091
5000015.8035971215
5000015.803682478
5000015.803766989
5000015.803850662
5000015.803933504
5000015.804015525
5000015.804096732
5000015.804177133
5000015.804256736
5000015.8043355495
5000015.804413581
5000015.804490837
5000015.804567327
5000015.804643056
5000015.804718034
5000015.804792268
5000015.804865764
5000015.804938531
5000015.805010574
5000015.805081902
5000015.8051525215
5000015.805222439
5000015.80529166
5000015.805360195
5000015.805428049
5000015.805495228
5000015.805561739
5000015.805627588
5000015.805692784
5000015.805757331
5000015.805821236
5000015.805884506
5000015.805947145
5000015.806009163
5000015.806070562
5000015.806131352
5000015.806191537
5000015.806251124
5000015.806310115
5000015.806368521
5000015.806426346
5000015.806483595
5000015.806540274
5000015.806596389
5000015.806651945
5000015.806706948
5000015.806761404
5000015.806815317
5000015.806868694
5000015.806921538
5000015.806973857
5000015.807025654
5000015.807076936
5000015.807127706
5000015.807177971
5000015.8072277345
5000015.807277003
5000015.80732578
5000015.807374071
5000015.807421882
5000015.807469215
5000015.807516077
5000015.80756247
5000015.807608403
5000015.807653878
5000015.807698898
5000015.80774347
5000015.807787598
5000015.8078312855
5000015.807874538
5000015.807917359
5000015.807959753
5000015.808001723
5000015.808043276
5000015.808084414
5000015.808125141
5000015.808165463
5000015.808205381
5000015.808244902
5000015.808284028
5000015.808322765
5000015.808361114
5000015.808399081
5000015.808436669
