700.9218393405931
694.2938863299341
687.8762839954517
681.6274988457799
675.5946252847028
669.7986681232237
664.2856920024923
659.1052595582115
654.3171911779749
649.9814213413666
646.1423855765373
642.7914219131042
639.7948848649883
636.7701014141012
632.9151667475693
626.9194758258616
617.4033152937518
604.3325097209153
589.9600648412768
577.0180001741434
566.6480481923999
558.6212656197183
552.2201627875621
546.6836846528884
541.3683678784945
535.8244774376715
529.8248597530356
523.3370373223852
516.4533774796131
509.31757435905
502.076020122499
494.8571680112811
487.7667528669892
480.886579810753
474.2708886980822
467.9400258238828
461.87448058952606
456.0138642243317
450.26549763120386
444.52530156226936
438.709042557385
432.7861082203273
426.8047228368081
420.89995568923035
415.28234027809316
410.21000692227466
405.9478448486773
402.7162117297996
400.6344364089752
399.6719020116301
399.6260892270132
400.14478668914563
400.79575811943914
401.165492181546
400.9501967589994
400.00243117414294
398.32108884303824
396.0030438901753
393.18733312757956
390.0135393699809
386.6000031229569
383.0373575377064
379.3904996694054
375.70375701619236
372.00636324409993
368.3170603434885
364.6475622976425
361.0050024412616
357.3935963070825
353.815743305746
350.2727448129902
346.7652675358112
343.2936409650404
339.8580481723273
336.4586486537442
333.0956581069795
329.7694009306823
326.48034530141257
323.2291268144153
320.01656412229886
316.8436682807983
313.7116463016336
310.62189852869784
307.5760087866858
304.5757257473547
301.6229336025359
298.7196099369448
295.86776869127175
293.0693863488039
290.32631003554053
287.6401471779809
285.0121378076173
282.4430126262792
279.93284261109426
277.48088922434846
275.08546803807053
272.7438423893174
270.45216684039417
268.2055016783789
265.9979181525185
263.82270835286954
261.6727028397807
259.5406837333989
257.4198629729475
255.3043785022278
253.18974979778434
251.0732324933517
248.95402176799826
246.8332742846964
244.71394428184468
242.600454759493
240.4982439115388
238.41323677244142
236.35129235124228
234.3176698122377
232.31654730416003
230.35061744146475
228.42077660333294
226.52592189677173
224.66286899863144
222.82640409493905
221.0094810763725
219.2035684511571
217.3991375966074
215.58626551327274
213.75530430616854
211.8975516298549
210.0058475310439
208.07502814615384
206.10218633448608
204.08671955004257
202.03017848530183
199.9359579066397
197.8088875964507
195.6547844874529
193.48001899253967
191.29113369024068
189.09453581054703
186.89627014718184
184.70186812820813
182.51626224397108
180.34375225060293
178.18800947278328
176.05210703360868
173.9385660656211
171.84941030937065
169.78622364293406
167.7502068554139
165.74223134820613
163.76288845403388
161.81253376754003
159.8913263501085
157.99926296678612
156.13620768516762
154.30191725392967
152.49606271119035
150.71824767059542
148.96802371017995
147.24490325515274
145.54837030700006
143.8778893315878
142.23291258058606
140.61288608483855
139.01725452586842
137.4454651627559
135.89697096609086
134.37123308839307
132.86772278103993
131.38592285104468
129.9253287366804
128.4854492686689
127.0658071731652
125.66593936384531
124.28539706281316
122.92374578360545
121.58056520411927
120.2554489526723
118.94800432650831
117.65785195877073
116.38462544719592
115.12797095544408
113.88754679602707
112.6630230021436
111.45408089435628
110.26041264688875
109.08172085735877
107.91771812295912
106.76812662543175
105.63267772662465
104.511111575966
103.40317673081067
102.30862979030641
101.22723504317364
100.15876412958906
99.10299571719729
98.05971519114404
97.02871435791906
96.00979116271793
95.00274941996827
94.00739855662138
93.02355336777583
92.05103378417886
91.08966465113589
90.13927551835438
89.19970044024453
88.27077778620531
87.35235006043102
86.44426373078201
85.54636906627827
84.65851998278598
83.78057389648255
82.91239158470238
82.0538370537805
81.2047774135277
80.36508275798823
79.53462605214605
78.71328302426168
77.90093206353919
77.09745412283446
76.30273262613493
75.51665338055136
74.73910449257797
73.96997628839
73.20916123795953
72.4565538827834
71.71205076702707
70.97555037190111
70.24695305309473
69.52616098110225
68.81307808428765
68.10760999454007
67.40966399538202
66.7191489723997
66.03597536587274
65.36005512548671
64.69130166701852
64.02962983089253
63.37495584250832
62.72719727424882
62.08627300908225
61.452103205674916
60.82460926493868
60.20371379793917
59.58934059509603
58.98141459661068
58.379861864059144
57.78460955309293
57.19558588719245
56.61272013242148
56.03594257313351
55.46518448858419
54.900378130405436
54.34145670090037
53.788354332120115
53.24100606568478
52.69934783331441
52.16331643803613
51.63284953603654
51.10788561912986
50.58836399781273
50.07422478488027
49.56540887957757
49.061857952262336
48.5635144295568
48.07032147996672
47.582222999947504
47.099163600398036
46.62108859356331
46.14794398032941
45.67967643789348
45.216233307793196
44.757562584280855
44.303612903028
43.85433353014686
43.409674351515704
42.96958586239637
42.534019157331784
42.1029259203128
41.67625841520364
41.253969476416266
40.836012499823376
40.42234143390192
40.01291077109779
39.607675539403544
39.20659129414153
38.80961410994473
38.41670057292797
38.027807773042916
37.642893296610566
37.2619152190243
36.88483209761819
36.51160296469433
36.14218732070428
35.77654512757923
35.41463680220356
35.056423210027425
34.70186565881404
34.350925892516344
34.003566085280276
33.659748835569225
33.31943716040674
32.98259448973358
32.64918466087578
32.319171913119746
31.99252088239192
31.66919659603937
31.34916446770855
31.03239029231912
30.718840241130852
30.40848085689955
30.10127904912105
29.79720208935977
29.49621760665978
29.19829358303627
28.903398349045013
28.61150057942807
28.322569288833208
28.036573827605853
27.753483877650584
27.473269448361822
27.19590087262044
26.92134880285606
26.64958420717226
26.38057836553403
26.114302866015187
25.850729601104995
25.58983076407205
25.331578845384527
25.07594662918523
24.822907189820246
24.57243388841971
24.324500369530245
24.079080557796875
23.836148654694593
23.595679135307044
23.357646745152714
23.122026497056517
22.888793668066583
22.6579237964147
22.429392678520074
22.20317636603502
21.979251162932158
21.757593622631603
21.53818054516861
21.32098897439934
21.105996195245133
20.89317973097406
20.68251734051932
20.473987015833288
20.267566979276953
20.063235681044258
19.8609717966201
19.660754224271976
19.46256208257424
19.266374707964438
19.07217165233177
18.879932680635818
18.6896377685565
18.501267100173653
18.31480106567619
18.130220259100014
17.947505476094822
17.766637711718587
17.587598158259507
17.41036820308549
17.234929426519674
17.06126359974259
16.88935268272002
16.71917882215606
16.55072434947137
16.383971778805737
16.21890380504514
16.05550330187237
15.893753319841306
15.733637084473925
15.575137994380679
15.41823961940249
15.262925698775526
15.10918013931703
14.956987013633263
14.806330558347888
14.657195172351663
14.509565415072165
14.363426004764108
14.218761816819146
14.075557882095884
13.933799385268358
13.793471663194461
13.654560203302685
13.517050641997441
13.380928763082727
13.246180496203756
13.112791915306591
12.980749237114871
12.850038819624286
12.720647160613881
12.592560896174195
12.465766799252151
12.340251778212101
12.21600287541344
12.093007265803605
11.97125225552739
11.85072528055135
11.73141390530404
11.61330582133085
11.496388845964207
11.3806509210083
11.26608011143852
11.152664604115184
11.040392706511467
10.929252845455572
10.819233565886144
10.710323529622219
10.602511514145974
10.495786411399125
10.390137226592325
10.285553077028045
10.182023190935283
10.079536906318287
9.978083669816629
9.877653035578367
9.77823466414528
9.679818321350062
9.582393877225279
9.48595130492493
9.390480679656529
9.29597217762572
9.202416074991405
9.109802746832719
9.01812266612696
8.927366402738372
8.837524622417801
8.748588085813221
8.660547647490592
8.573394254965491
8.487118947744783
8.401712856378857
8.317167201523652
8.233473293012826
8.150622528939794
8.068606394749425
7.987416462339656
7.907044389172289
7.827481917393561
7.748720872963683
7.670753164795742
7.593570783903997
7.517165802560815
7.441530373462388
7.366656728903749
7.2925371799622605
7.219164115689498
7.146530002311919
7.074627382439914
7.003448874284865
6.9329871708849735
6.8632350393388295
6.7941853200469975
6.72583092596185
6.658164841844928
6.591180123532339
6.524869897207874
6.459227358683252
6.394245772686669
6.329918472158141
6.2662388575524135
6.2032003961491835
6.140796621370659
6.079021132105734
6.017867592041924
5.957329729003528
5.8974013342973635
5.838076262064644
5.77934842864029
5.721211811918248
5.6636604507238575
5.606688444192546
5.550289951155074
5.49445918952878
5.439190435715905
5.3844780240074845
5.330316345993479
5.276699849979391
5.223623040408659
5.171080477291089
5.119066775636946
5.0675766048974875
5.016604688410649
4.966145802852897
4.916194777696484
4.866746494672459
4.817795887239093
4.7693379400558635
4.721367688463086
4.673880217966285
4.62687066372667
4.580334210056072
4.534266089917949
4.488661584432616
4.443516022388366
4.3988247797570255
4.354583279214783
4.310786989668017
4.2674314257838235
4.224512147525255
4.1820247596917755
4.139964911463934
4.098328295953151
4.057110649755782
4.016307752511793
3.97591542646844
3.935929536047524
3.8963459874181168
3.8571607280727838
3.818369746408762
3.7799690713129936
3.7419547717517334
3.7043229563643196
3.6670697730607533
3.630191408623949
3.5936840883155643
3.557544075486165
3.5217676711892927
3.486351213799396
3.451291078633695
3.416583677578218
3.382225458717085
3.348212905966001
3.31454253870942
3.281210911441573
3.248214613410362
3.2155502682662678
3.1832145337135125
3.1512041011655274
3.119515695403791
3.088146074240034
3.0570920281820024
3.026350380102594
2.9959179849122184
2.965791729234907
2.9359685310872106
2.906445339560827
2.8772191345080675
2.848286926230827
2.819645755172563
2.7912926916135032
2.7632248353688387
2.735439315490062
2.7079332899694726
2.68070394544748
2.6537484969228458
2.6270641874662024
2.6006482879361057
2.5744980966984023
2.5486109393478986
2.5229841684333065
2.497615163184832
2.472501329244564
2.447640098399578
2.423028928317723
2.398665302286045
2.3745467289521125
2.3506707420677126
2.327034900235345
2.3036367866569494
2.2804740088858115
2.257544198580194
2.2348450112601332
2.2123741260663845
2.190129245521826
2.168108095295473
2.146308423968592
2.124728002803429
2.1033646255143132
2.0822161080406896
2.0612802883230015
2.040555026080476
2.020038202591253
1.9997277204747612
1.9796215034763884
1.959717496254201
1.9400136641677965
1.9205079930695275
1.9011984890974545
1.8820831784707683
1.8631601072873192
1.8444273413226382
1.8258829658316795
1.807525085352209
1.7893518235101664
1.7713613228271348
1.7535517445297673
1.7359212683609502
1.7184680923931506
1.701190432843314
1.6840865238901737
1.6671546174926792
1.6503929832109856
1.6337999080287224
1.6173736961773064
1.6011126689620587
1.585015164589928
1.56907953799912
1.553304160690329
1.5376874205596787
1.5222277217336055
1.5069234844048724
1.4917731446707423
1.4767751543727197
1.4619279809377412
1.447230107220856
1.4326800313499959
1.4182762665717488
1.4040173410990802
1.3899017979605033
1.3759281948506434
1.3620951039822493
1.3484011119402473
1.3348448195364826
1.321424841666553
1.3081398071677401
1.2949883586786226
1.2819691524999501
1.2690808584567463
1.2563221597622483
1.2436917528829434
1.2311883474049685
1.2188106659019073
1.206557443803865
1.1944274292680517
1.1824193830504413
1.170532078378891
1.1587643008273067
1.1471148481915838
1.1355825303660065
1.124166169221841
1.1128645984863115
1.1016766636233473
1.0906012217152166
1.079637141345498
1.068783302483423
1.0580385963688868
1.0474019253990903
1.0368722030160666
1.0264483535955544
1.0161293123366273
1.0059140251529344
0.995801448564558
0.9857905495914849
0.975880305647513
0.9660697044356897
0.956357743844701
0.9467434318463926
0.9372257863940227
0.927803835321866
0.918476616245644
0.9092431764640708
0.9001025728613786
0.8910538718105566
0.8820961490781696
0.8732284897295043
0.8644499880348646
0.855759747377193
0.8471568801599894
0.8386405077166549
0.8302097602206444
0.821863776596285
0.8136017044306559
0.8054226998865524
0.7973259276160533
0.7893105606749841
0.7813757804383795
0.773520776516669
0.7657447466728416
0.7580468967403519
0.750426440541811
0.7428825998086207
0.7354146041012797
0.7280216907307431
0.7207031046800909
0.7134580985276874
0.7062859323703914
0.6991858737479344
0.6921571975682552
0.6851991860329416
0.678311128564187
0.6714923217318107
0.6647420691814907
0.6580596815634727
0.651444476462018
0.6448957783257823
0.638412918398514
0.6319952346508658
0.6256420717124559
0.6193527808050066
0.6131267196761011
0.6069632525331526
0.6008617499787883
0.5948215889462278
0.5888421526356412
0.5829228304510607
0.5770630179380609
0.5712621167217423
0.5655195344457814
0.5598346847116088
0.5542069870187454
0.5486358667051618
0.543120754888812
0.5376610884091563
0.532256309769799
0.5269058670814625
0.5216092140054677
0.5163658096979978
0.5111751187547782
0.506036611156249
0.5009497622134937
0.4959140525145353
0.4909289678713193
0.48599399926701947
0.48110864280421844
0.4762723996529619
0.47148477600036776
0.4667452829997286
0.4620534367205795
0.45740875809943954
0.45281077289067934
0.44825901161804294
0.44375300952668384
0.4392923065357206
0.43487644719117696
0.4305049806193733
0.42617746048098604
0.4218934449253073
0.41765249654497083
0.4134541823316367
0.40929807363130377
0.4051837461007339
0.4011107796640939
0.39707875846993484
0.393087270848705
0.3891359092707501
0.38522427030461426
0.3813519545757642
0.37751856672587236
0.3737237153723894
0.36996701306840685
0.3662480762633514
0.36256652526355626
0.3589219841935393
0.3553140809575481
0.351742447201629
0.34820671827592475
0.344706533197373
0.34124153461290485
0.3378113687629784
0.33441568544519207
0.3310541379787918
0.3277263831690678
0.3244320812721864
0.3211708959609679
0.3179424942898788
0.3147465466614082
0.3115827267923759
0.30845071168042953
0.30535018157111
0.3022808199252973
0.2992423133867909
0.296234351750173
0.2932566279292182
0.29030883792567447
0.2873906807979554
0.2845018586305103
0.28164207650340795
0.2788110424620542
0.27600846748764896
0.27323406546740187
0.27048755316542306
0.2677686501937482
0.2650770789836804
0.2624125647575404
0.2597748355004382
0.25716362193266035
0.2545786574819666
0.2520196782565543
0.24948642301786114
0.2469786331542033
0.24449605265407917
0.24203842808008655
0.23960550854318868
0.23719704567684172
0.2348127936117038
0.23245250895067793
0.2301159507439992
0.2278028804643227
0.22551306198280405
0.22324626154460273
0.22100224774525504
0.21878079150698937
0.21658166605524876
0.21440464689554814
0.21224951179058676
0.2101160407375453
0.20800401594555945
0.20591322181348187
0.20384344490802747
0.20179447394174163
0.19976609975152038
0.19775811527720827
0.19577031554055108
0.19380249762410276
0.19185446065075434
0.18992600576291813
0.18801693610235612
0.18612705679012195
0.18425617490658097
0.182404099471775
0.18057064142584212
0.17875561360964476
0.17695883074592994
0.1751801094201762
0.1734192680618252
0.171676126925893
0.169950508074565
0.16824223535890515
0.16655113440112082
0.16487703257643693
0.16321975899574584
0.1615791444880102
0.15995502158300134
0.15834722449423683
0.15675558910191456
0.1551799529364267
0.15362015516149186
0.15207603655784196
0.15054743950705518
0.1490342079751979
0.14753618749722064
0.14605322516092317
0.14458516959152587
0.1431318709360026
0.14169318084794671
0.14026895247243032
0.13885904043087957
0.1374633008062731
0.13608159112853588
0.13471377036000082
0.13335969888078494
0.13201923847471977
0.13069225231522918
0.12937860495131465
0.12807816229366617
0.12679079160119403
0.12551636146716322
0.12425474180603327
0.12300580383996537
0.1217694200859013
0.12054546434235386
0.11933381167660123
0.118134338411881
0.1169469221148054
0.11577144158293147
0.11460777683225647
0.11345580908495377
0.11231542075736918
0.11118649544804785
0.1100689179255429
0.10896257411694184
0.10786735109631708
0.10678313707269069
0.1057098213793118
0.10464729446162027
0.10359544786665516
0.10255417423165972
0.10152336727331918
0.10050292177667182
0.09949273358461357
0.09849269958704492
0.09750271771052396
0.09652268690778414
0.09555250714727795
0.09459207940319099
0.09364130564515895
0.09270008882835087
0.09176833288359151
0.09084594270737917
0.0899328241523663
0.08902888401764439
0.0881340300393314
0.08724817088093442
0.08637121612427533
0.08550307626010821
0.0846436626789997
0.08379288766235653
0.08295066437338638
0.08211690684824051
0.08129152998726087
0.08047444954632173
0.07966558212825063
0.07886484517408446
0.07807215695491124
0.07728743656349664
0.07651060390589078
0.07574157969332569
0.07498028543408994
0.07422664342547054
0.07348057674605984
0.07274200924767153
0.07201086554748468
0.0712870710206323
0.07057055179235447
0.06986123473063664
0.06915904743853267
0.06846391824689584
0.0677757762071174
0.06709455108377617
0.06642017334751374
0.0657525741679298
0.06509168540652623
0.0644374396098457
0.06378977000245956
0.06314861048019209
0.06251389560357681
0.061885560590663545
0.061263541310989315
0.060647774278734655
0.06003819664620538
0.0594347461974962
0.058837361342188345
0.058245981108960586
0.057660545139469804
0.05708099368208065
0.0565072675857632
0.05593930829421637
0.05537705783977109
0.05482045883740632
0.054269454478973536
0.05372398852749591
0.053184005311244405
0.05264944971808972
0.05212026718992852
0.051596403717222426
0.05107780583320236
0.050564420608639395
0.0500561956464396
0.049553079076091716
0.04905501954866281
0.04856196623128414
0.04807386880217022
0.04759067744531648
0.04711234284556325
0.04663881618346856
0.04617004913026093
0.04570599384303295
0.04524660295988065
0.044791829594921964
0.044341627333597956
0.04389595022798567
0.043454752792000506
0.043017989996852406
0.042585617266241764
0.042157590472173996
0.04173386593013047
0.04131440039478112
0.04089915105539656
0.04048807553167306
0.04008113186934508
0.03967827853588776
0.039279474416239066
0.038884678808619615
0.03849385142041201
0.03810695236406648
0.03772394215301945
0.03734478169755919
0.03696943230085935
0.03659785565523034
0.036230013837981696
0.03586586930768884
0.03550538490015098
0.03514852382495894
0.034795249661451415
0.034445526354942725
0.03409931821334446
0.03375658990328493
0.033417306446558055
0.03308143321665168
0.03274893593501906
0.032419780667666
0.032093933821824884
0.0317713621423867
0.031452032708432116
0.031135912930045532
0.030822970544849348
0.030513173614888547
0.03020649052316341
0.029902889970485475
0.029602340972318997
0.029304812855598435
0.02901027525556099
0.02871869811262959
0.028430051669507916
