5005126.62357334
5005051.3228365565
5004944.574879032
5004850.746587331
5004755.338331008
5004662.368815017
5004570.784116663
5004481.032207283
5004393.037377805
5004306.855055978
5004222.479814145
5004139.914539399
5004059.151497218
5003980.176697234
5003902.9626862
5003827.461119918
5003753.592046895
5003681.231722163
5003610.19939597
5003540.244113128
5003471.033243117
5003402.146810722
5003333.085569367
5003263.307285074
5003192.330850173
5003120.079211465
5003048.020246977
5002980.028914028
5002917.374986156
5002858.358786705
5002801.655133931
5002746.641421502
5002693.032396619
5002640.693607696
5002589.554482165
5002539.5733275125
5002490.722429637
5002442.98171283
5002396.335492259
5002350.770363844
5002306.273460683
5002262.830858098
5002220.426104289
5002179.038934956
5002138.644249982
5002099.211420701
5002060.703972029
5002023.079658894
5001986.29094161
5001950.285862999
5001915.009334651
5001880.40483689
5001846.416510901
5001812.991560956
5001780.082790323
5001747.650985701
5001715.666782338
5001684.111638861
5001652.977668372
5001622.266303874
5001591.986049979
5001562.149778673
5001532.772080113
5001503.867073633
5001475.446887614
5001447.520821547
5001420.09507182
5001393.172849371
5001366.754723479
5001340.83906251
5001315.4224859215
5001290.500279097
5001266.066749367
5001242.115518137
5001218.639753087
5001195.632348223
5001173.086060512
5001150.993611204
5001129.347758674
5001108.14134825
5001087.367343232
5001067.018840259
5001047.089071425
5001027.571394995
5001008.459276273
5000989.746260084
5000971.4259364875
5000953.491901702
5000935.937716795
5000918.756867268
5000901.942727173
5000885.488531384
5000869.387359173
5000853.632131025
5000838.21561908
5000823.130469895
5000808.36923683
5000793.924418472
5000779.78849936
5000765.953989609
5000752.413460804
5000739.159576505
5000726.185116571
5000713.482995333
5000701.046274163
5000688.868169326
5000676.942056164
5000665.261470616
5000653.820109004
5000642.611826843
5000631.630637226
5000620.870709209
5000610.326366392
5000599.99208583
5000589.862497268
5000579.932382619
5000570.19667562
5000560.6504615005
5000551.288976563
5000542.107607568
5000533.101890789
5000524.26751072
5000515.600298321
5000507.096228826
5000498.7514190655
5000490.562124321
5000482.524734737
5000474.635771314
5000466.891881525
5000459.289834605
5000451.826516557
5000444.49892493
5000437.304163429
5000430.2394364085
5000423.302043301
5000416.489373028
5000409.798898465
5000403.228170974
5000396.774815075
5000390.436523286
5000384.211051148
5000378.096212506
5000372.089875022
5000366.189955986
5000360.394418414
5000354.70126745
5000349.1085471045
5000343.614337295
5000338.216751228
5000332.913933107
5000327.704056168
5000322.585321034
5000317.555954398
5000312.614208008
5000307.75835797
5000302.9867043495
5000298.297571065
5000293.689306068
5000289.16028181
5000284.708895969
5000280.333572454
5000276.032762648
5000271.804946905
5000267.648636267
5000263.562374398
5000259.544739706
5000255.594347627
5000251.709853051
5000247.889952839
5000244.133388389
5000240.438948211
5000236.805470431
5000233.231845165
5000229.717016701
5000226.259985381
5000222.8598091295
5000219.51560452
5000216.226547317
5000212.991872402
5000209.810873046
5000206.682899453
5000203.607356565
5000200.583701119
5000197.61143798
5000194.690115788
5000191.819322017
5000188.998677512
5000186.227830658
5000183.506451294
5000180.834224528
5000178.210844602
5000175.636008954
5000173.109412601
5000170.630742979
5000168.1996753225
5000165.815868668
5000163.478962524
5000161.188574233
5000158.94429703
5000156.745698766
5000154.59232127
5000152.4836802855
5000150.419265928
5000148.39854358
5000146.420955166
5000144.485920727
5000142.592840227
5000140.741095521
5000138.930052433
5000137.159062896
5000135.4274670845
5000133.734595535
5000132.0797712
5000130.462311417
5000128.881529779
5000127.336737891
5000125.827246991
5000124.352369463
5000122.9114202
5000121.503717851
5000120.128585927
5000118.785353816
5000117.473357639
5000116.191941036
5000114.940455832
5000113.718262609
5000112.524731195
5000111.359241073
5000110.221181716
5000109.109952856
5000108.024964698
5000106.965638071
5000105.931404546
5000104.921706499
5000103.935997139
5000102.9737405125
5000102.0344114695
5000101.1174956
5000100.222489169
5000099.348899004
5000098.496242395
5000097.664046954
5000096.851850492
5000096.059200853
5000095.285655769
5000094.530782694
5000093.794158636
5000093.075369981
5000092.374012326
5000091.689690295
5000091.022017362
5000090.370615676
5000089.735115878
5000089.11515693
5000088.510385927
5000087.920457933
5000087.345035802
5000086.783790005
5000086.236398467
5000085.7025463935
5000085.181926112
5000084.674236908
5000084.179184865
5000083.696482716
5000083.225849684
5000082.767011335
5000082.319699434
5000081.883651797
5000081.458612158
5000081.044330026
5000080.640560554
5000080.24706441
5000079.863607639
5000079.489961557
5000079.125902607
5000078.771212258
5000078.42567688
5000078.089087629
5000077.761240341
5000077.441935423
5000077.130977745
5000076.828176538
5000076.533345295
5000076.246301671
5000075.966867388
5000075.694868142
5000075.430133512
5000075.172496868
5000074.921795292
5000074.677869484
5000074.4405636825
5000074.20972559
5000073.985206287
5000073.766860155
5000073.554544809
5000073.348121017
5000073.147452632
5000072.952406521
5000072.762852499
5000072.57866326
5000072.399714316
5000072.22588393
5000072.057053055
5000071.893105278
5000071.7339267535
5000071.579406154
5000071.42943461
5000071.283905652
5000071.142715165
5000071.005761332
5000070.8729445785
5000070.744167531
5000070.619334965
5000070.498353755
5000070.381132833
5000070.267583134
5000070.157617567
5000070.051150956
5000069.948100008
5000069.848383267
5000069.751921074
5000069.658635531
5000069.568450457
5000069.481291358
5000069.397085379
5000069.315761278
5000069.237249388
5000069.161481583
5000069.088391237
5000069.017913206
5000068.949983782
5000068.88454067
5000068.821522951
5000068.760871059
5000068.702526747
5000068.646433059
5000068.592534304
5000068.540776023
5000068.491104972
5000068.443469083
5000068.397817454
5000068.354100309
5000068.312268983
5000068.272275891
5000068.2340745125
5000068.197619365
5000068.162865977
5000068.129770873
5000068.098291549
5000068.068386452
5000068.04001496
5000068.013137357
5000067.987714822
5000067.963709405
5000067.941084005
5000067.919802358
5000067.899829018
5000067.881129333
5000067.8636694355
5000067.84741622
5000067.832337334
5000067.81840115
5000067.805576763
5000067.793833964
5000067.783143232
5000067.773475716
5000067.764803223
5000067.7570982
5000067.750333722
5000067.744483482
5000067.739521772
5000067.735423474
5000067.732164043
5000067.729719501
5000067.728066421
5000067.727181913
5000067.727043617
5000067.727629688
5000067.728918786
5000067.730890068
5000067.733523172
5000067.73679821
5000067.740695757
5000067.745196841
5000067.750282933
5000067.755935936
5000067.762138182
5000067.768872414
5000067.77612178
5000067.78386983
5000067.792100496
5000067.800798097
5000067.80994732
5000067.819533216
5000067.829541193
5000067.839957006
5000067.850766753
5000067.861956863
5000067.873514091
5000067.885425512
5000067.897678512
5000067.9102607835
5000067.9231603155
5000067.936365391
5000067.949864576
5000067.963646719
5000067.9777009385
5000067.992016623
5000068.006583421
5000068.021391236
5000068.036430222
5000068.051690781
5000068.067163547
5000068.082839393
5000068.098709421
5000068.114764957
5000068.1309975395
5000068.147398929
5000068.163961091
5000068.180676197
5000068.197536616
5000068.214534918
5000068.231663859
5000068.248916384
5000068.2662856225
5000068.283764879
5000068.301347637
5000068.319027548
5000068.336798432
5000068.354654273
5000068.372589212
5000068.39059755
5000068.408673739
5000068.426812377
5000068.445008214
5000068.463256137
5000068.481551176
5000068.499888497
5000068.518263397
5000068.536671304
5000068.555107774
5000068.5735684885
5000068.592049247
5000068.61054597
5000068.6290546935
5000068.647571567
5000068.666092852
5000068.684614916
5000068.703134233
5000068.721647383
5000068.740151042
5000068.758641987
5000068.777117095
5000068.79557333
5000068.8140077535
5000068.832417515
5000068.850799852
5000068.869152087
5000068.887471626
5000068.905755958
5000068.924002652
5000068.942209354
5000068.9603737835
5000068.97849374
5000068.996567091
5000069.014591779
5000069.03256581
5000069.050487262
5000069.068354278
5000069.086165064
5000069.10391789
5000069.121611088
5000069.139243047
5000069.156812217
5000069.174317105
5000069.191756271
5000069.209128331
5000069.226431956
5000069.243665865
5000069.260828828
5000069.277919667
5000069.294937247
5000069.311880486
5000069.328748343
5000069.34553982
5000069.362253969
5000069.378889876
5000069.395446676
5000069.411923539
5000069.428319675
5000069.444634333
5000069.4608668
5000069.477016397
5000069.493082482
5000069.509064446
5000069.5249617165
5000069.540773748
5000069.556500034
5000069.572140093
5000069.587693477
5000069.603159766
5000069.618538567
5000069.633829518
5000069.6490322845
5000069.664146554
5000069.679172044
5000069.694108493
5000069.708955668
5000069.723713356
5000069.738381371
5000069.752959544
5000069.767447731
5000069.781845812
5000069.79615368
5000069.810371255
5000069.824498472
5000069.8385352865
5000069.8524816735
5000069.8663376225
5000069.880103144
5000069.893778263
5000069.90736302
5000069.920857474
5000069.934261696
5000069.947575777
5000069.960799815
5000069.973933929
5000069.986978246
5000069.999932911
5000070.012798078
5000070.025573916
5000070.038260603
5000070.050858331
5000070.063367302
5000070.07578773
5000070.0881198365
5000070.100363858
5000070.112520036
5000070.124588625
5000070.136569886
5000070.148464088
5000070.160271514
5000070.17199245
5000070.183627192
5000070.195176042
5000070.20663931
5000070.218017316
5000070.229310383
5000070.240518841
5000070.251643029
5000070.26268329
5000070.273639971
5000070.284513429
5000070.295304025
5000070.30601212
5000070.316638088
5000070.327182301
5000070.337645141
5000070.348026991
5000070.358328237
5000070.368549272
5000070.378690491
5000070.388752293
5000070.398735081
5000070.408639258
5000070.418465234
5000070.428213421
5000070.437884233
5000070.447478086
5000070.456995398
5000070.466436591
5000070.475802089
5000070.485092317
5000070.4943077015
5000070.503448671
5000070.512515657
5000070.5215090895
5000070.530429402
5000070.539277032
5000070.5480524115
5000070.556755977
5000070.565388166
5000070.573949418
5000070.5824401695
5000070.590860861
5000070.599211932
5000070.6074938215
5000070.61570697
5000070.623851818
5000070.631928806
5000070.639938375
5000070.647880965
5000070.655757016
5000070.663566967
5000070.671311259
5000070.678990331
5000070.686604622
5000070.69415457
5000070.7016406115
5000070.709063185
5000070.716422728
5000070.723719673
5000070.730954456
5000070.738127512
5000070.745239272
5000070.752290168
5000070.759280631
5000070.766211092
5000070.773081978
5000070.779893717
5000070.786646733
5000070.793341454
5000070.799978301
5000070.806557697
5000070.813080063
5000070.819545817
5000070.825955376
5000070.8323091585
5000070.838607579
5000070.844851048
5000070.851039979
5000070.857174781
5000070.863255862
5000070.869283629
5000070.875258486
5000070.881180836
5000070.887051079
5000070.892869617
5000070.898636845
5000070.9043531595
5000070.9100189535
5000070.91563462
5000070.921200547
5000070.926717126
5000070.932184739
5000070.937603773
5000070.942974608
5000070.948297625
5000070.953573204
5000070.958801718
5000070.963983542
5000070.96911905
5000070.974208608
5000070.979252589
5000070.984251354
5000070.989205271
5000070.994114699
5000070.998979997
5000071.003801525
5000071.008579636
5000071.013314686
5000071.018007023
5000071.022656999
5000071.027264959
5000071.031831248
5000071.03635621
5000071.040840183
5000071.0452835085
5000071.04968652
5000071.054049553
5000071.05837294
5000071.06265701
5000071.06690209
5000071.071108507
5000071.0752765825
5000071.0794066405
5000071.083498998
5000071.087553972
5000071.09157188
5000071.095553031
5000071.099497737
5000071.103406308
5000071.107279049
5000071.111116266
5000071.114918258
5000071.1186853275
5000071.122417771
5000071.126115886
5000071.129779965
5000071.1334103
5000071.137007181
5000071.140570894
5000071.144101727
5000071.147599962
5000071.151065879
5000071.154499759
5000071.157901879
5000071.161272515
5000071.164611938
5000071.167920421
5000071.171198233
5000071.17444564
5000071.177662909
5000071.180850301
5000071.184008079
5000071.187136501
5000071.190235823
5000071.1933063045
5000071.196348195
5000071.199361748
5000071.202347212
5000071.205304835
5000071.2082348615
5000071.211137537
5000071.2140131015
5000071.216861797
5000071.2196838595
5000071.222479527
5000071.225249033
5000071.22799261
5000071.230710489
5000071.2334028995
5000071.236070067
5000071.238712217
5000071.241329575
5000071.243922359
5000071.246490792
5000071.249035092
5000071.2515554745
5000071.254052153
5000071.256525342
5000071.2589752525
5000071.261402094
5000071.263806073
5000071.266187397
5000071.268546269
5000071.270882893
5000071.273197469
5000071.275490198
5000071.277761276
5000071.280010899
5000071.282239263
5000071.28444656
5000071.286632981
5000071.288798716
5000071.290943953
5000071.293068878
5000071.295173679
5000071.297258534
5000071.29932363
5000071.301369144
5000071.3033952555
5000071.305402143
5000071.307389982
5000071.309358945
5000071.311309207
5000071.313240939
5000071.31515431
5000071.31704949
5000071.3189266445
5000071.32078594
5000071.32262754
5000071.324451608
5000071.326258305
5000071.3280477915
5000071.329820225
5000071.331575765
5000071.333314565
5000071.335036781
5000071.336742565
5000071.33843207
5000071.340105446
5000071.341762843
5000071.343404408
5000071.345030288
5000071.346640629
5000071.3482355755
5000071.349815268
5000071.351379851
5000071.352929464
5000071.354464245
5000071.355984333
5000071.357489864
5000071.358980975
5000071.3604577985
5000071.361920469
5000071.363369118
5000071.364803876
5000071.366224873
5000071.367632238
5000071.3690260975
5000071.370406578
5000071.371773805
5000071.373127902
5000071.3744689915
5000071.375797197
5000071.377112638
5000071.378415434
5000071.379705704
5000071.380983565
5000071.382249134
5000071.383502526
5000071.384743855
5000071.3859732365
5000071.387190781
5000071.388396599
5000071.3895908035
5000071.390773501
5000071.391944802
5000071.393104813
5000071.39425364
5000071.395391391
5000071.396518166
5000071.397634072
5000071.39873921
5000071.399833683
5000071.40091759
5000071.401991032
5000071.403054108
5000071.404106917
5000071.405149554
5000071.406182116
5000071.407204699
5000071.408217397
5000071.409220303
5000071.410213511
5000071.411197113
5000071.4121712
5000071.413135861
5000071.414091187
5000071.415037265
5000071.415974185
5000071.416902032
5000071.417820893
5000071.418730854
5000071.419631999
5000071.420524412
5000071.4214081755
5000071.422283373
5000071.423150085
5000071.424008393
5000071.424858376
5000071.425700115
5000071.426533688
5000071.427359171
5000071.428176644
5000071.428986182
5000071.429787862
5000071.430581757
5000071.431367942
5000071.432146491
5000071.432917477
5000071.433680972
5000071.434437048
5000071.435185775
5000071.435927225
5000071.436661467
5000071.437388569
5000071.4381086
5000071.438821628
5000071.439527718
5000071.44022694
5000071.440919358
5000071.441605037
5000071.442284042
5000071.442956436
5000071.4436222855
5000071.444281649
5000071.444934592
5000071.4455811735
5000071.446221458
5000071.446855502
5000071.447483369
5000071.448105117
5000071.4487208035
5000071.449330489
5000071.449934229
5000071.450532083
5000071.451124106
5000071.451710354
5000071.452290883
5000071.452865748
5000071.453435005
5000071.453998706
5000071.454556905
5000071.455109656
5000071.45565701
5000071.45619902
5000071.456735738
5000071.457267213
5000071.457793497
5000071.45831464
5000071.458830692
5000071.459341701
5000071.459847717
5000071.460348788
5000071.46084496
5000071.461336283
5000071.461822801
5000071.462304563
5000071.462781614
5000071.463253998
5000071.463721762
5000071.464184951
5000071.464643608
5000071.465097778
5000071.465547502
5000071.465992826
5000071.4664337905
5000071.466870438
5000071.467302812
5000071.467730952
5000071.468154901
5000071.468574696
5000071.468990381
5000071.469401994
5000071.469809574
5000071.470213162
5000071.470612795
5000071.471008512
5000071.471400351
5000071.47178835
5000071.472172544
5000071.472552974
5000071.472929673
5000071.473302678
5000071.473672026
5000071.474037752
5000071.474399891
5000071.474758477
5000071.475113546
5000071.47546513
5000071.475813266
5000071.476157986
5000071.476499322
5000071.476837309
5000071.477171977
5000071.477503361
5000071.477831491
5000071.478156401
5000071.478478119
5000071.478796679
5000071.479112109
5000071.479424442
5000071.479733707
5000071.480039934
5000071.480343152
5000071.480643392
5000071.480940681
5000071.481235049
5000071.481526524
5000071.481815133
5000071.482100907
5000071.4823838705
5000071.482664053
5000071.48294148
5000071.4832161805
5000071.483488178
5000071.4837575015
5000071.484024177
5000071.484288229
5000071.484549683
5000071.484808564
5000071.4850649005
5000071.485318714
5000071.485570029
5000071.485818872
5000071.486065267
5000071.486309234
5000071.486550802
5000071.486789992
5000071.487026827
5000071.48726133
5000071.487493524
5000071.4877234325
5000071.487951076
5000071.488176479
5000071.488399661
5000071.488620644
5000071.488839452
5000071.489056104
5000071.489270622
5000071.489483026
5000071.489693337
5000071.489901575
5000071.490107763
5000071.490311916
5000071.49051406
5000071.490714209
5000071.490912386
5000071.491108609
5000071.491302898
5000071.491495272
5000071.491685749
5000071.491874347
5000071.492061086
5000071.492245982
5000071.492429056
5000071.492610324
5000071.492789803
5000071.492967512
5000071.493143468
5000071.493317689
5000071.493490189
5000071.493660988
5000071.4938301025
5000071.493997547
5000071.494163339
5000071.494327495
5000071.49449003
