705.8945587111997
698.6455959616553
691.4677281132983
684.2778409762146
677.0907684555938
669.8715309340779
662.6015560833634
655.2523467525043
647.80017885405
640.227598002552
632.5355911847596
624.7578905973547
616.9810255331852
609.3669096949627
602.1756348576472
595.7850869666363
590.7051280787156
587.5832212657967
587.1927315741688
590.3853352487786
597.9852387239252
610.6107452507931
628.3420111252295
649.4212889862875
663.5105254552016
642.9878731859077
598.4258758564645
565.3360314154004
545.0303886006263
531.8516366509366
522.120193951113
514.0388161065432
506.7727722206041
499.9264130760283
493.30057974659474
486.78721374632295
480.32527103152967
473.88281508162254
467.4498204913598
461.0350028005491
454.6637635478099
448.37598549606065
442.2232005706451
436.2650771809112
430.565385081435
425.18764004762903
420.1905599251087
415.6233681369979
411.5209621883106
407.899092805081
404.7499800081968
402.03915628655426
399.7046306680855
397.6595067861895
395.79875102479025
394.00980453991997
392.1853813675585
390.23568110932405
388.0970704092581
385.7353440514288
383.1435046166953
380.3356529799255
377.3393124195177
374.18822699889176
370.9168280677824
367.55669379358693
364.13475026456433
360.67272463026904
357.1873589372598
353.69100209234085
350.1923282259935
346.6970394155464
343.20848724902896
339.72819436756856
336.25628201994647
332.7918206104143
329.33312305682324
325.8779992964
322.42398672838
318.9685670143207
315.5093751403793
312.0444023349367
308.5721904858164
305.09201212791885
301.60402683455334
298.10940204350334
294.6103844754228
291.1103083608813
287.6135299167413
284.125284636381
280.6514743832383
277.1984027580592
273.7724864778952
270.3799746182544
267.0267052300935
263.71792090135693
260.4581537722196
257.25117932110766
254.10002932204125
251.0070489802728
247.97398146600926
245.00206416911556
242.09212393505388
239.2446622836295
236.45992535673557
233.7379565792852
231.078632501038
228.4816839630747
225.9467056714665
223.4731575963442
221.06036150293963
218.70749551317988
216.41358902348503
214.17751967180726
211.99801343239076
209.87364837198697
207.80286215553204
205.78396305347232
203.81514397419716
201.8944989114224
200.02004114074188
198.18972250305504
196.40145315701528
194.65312125221462
192.9426120568543
191.26782615881487
189.62669644107856
188.01720360765933
186.43739010278813
184.8853723236448
183.35935107578987
181.8576202614304
180.3785738246753
178.92071100590212
177.4826399800398
176.06307997161164
174.6608619532607
173.2749280445989
171.90432973488515
170.54822505653544
169.2058748370699
167.87663815508125
166.55996712147942
165.255401100933
163.9625604804477
162.6811400827341
161.41090231180132
160.15167010741538
158.903319774053
157.66577373910206
156.43899328464883
155.222971287574
154.01772499416663
152.82328884835917
151.63970738728588
150.46702821445234
149.30529505964847
148.15454093610126
147.0147814094597
145.88600800021908
144.76818175121636
143.66122700486096
142.56502545064885
141.47941052189165
140.40416224087494
139.33900263295328
138.28359185115607
137.23752517213185
136.2003310397585
135.1714703422516
134.15033710968098
133.13626080900568
132.12851039082477
131.12630020430208
130.1287978433073
129.1351339180629
128.14441366434602
127.15573021008112
126.16817922219236
125.18087456154984
124.1929644884581
123.20364789342385
122.21218998537644
121.21793685807481
120.2203283787056
119.21890890123052
118.21333539808882
117.20338272142331
116.18894584043697
115.17003904445818
114.14679224090807
113.11944460340865
112.08833592927145
111.05389614165325
110.01663341677168
108.97712143073281
107.93598620631484
106.8938930020577
105.85153363005111
104.80961452120032
103.76884578360455
102.72993142642001
101.69356085257611
100.66040166214984
99.63109375607361
98.60624468806498
97.58642618126116
96.57217170436492
95.5639749890837
94.56228936492406
93.56752778756064
92.58006344163772
91.60023080669721
90.62832708484667
89.66461389985949
88.70931918889414
87.76263921937942
86.82474067443529
85.89576276020898
84.97581929756578
84.0650007685861
83.16337629529481
82.27099553400751
81.38789047369794
80.5140771309397
79.6495571373639
78.7943192182805
77.94834056323769
77.11158809092461
76.28401961203623
75.4655848945873
74.6562266367511
73.85588135265704
73.06448017676121
72.28194959244134
71.50821209039898
70.74318676229872
69.98678983486754
69.23893514942588
68.49953459154824
67.76849847525922
67.04573588587756
66.33115498532307
65.6246632834166
64.92616787842113
64.23557566980828
63.552793545980684
62.87772854944464
62.21028802170563
61.550379729953065
60.89791197740969
60.25279369904713
59.614934544204566
58.98424494750227
58.36063618930565
57.744020446871254
57.13431083719466
56.5314214524794
55.935267389051056
55.34576477045912
54.76283076543209
54.18638360128374
53.61634257330612
53.052628050628265
52.49516147897171
51.94386538068571
51.398663352406544
50.859480060646995
50.32624123559099
49.798873663336835
49.27730517680665
48.76146464551675
48.251281964380595
47.746688041697524
47.24761478646397
46.75399509512661
46.2657628378853
45.78285284463966
45.30520089066202
44.83274368207137
44.36541884117167
43.90316489171207
43.445921244117365
42.993628180733516
42.54622684112452
42.10365920745343
41.66586808997643
41.232797112673225
40.804390699034414
40.38059405802381
39.96135317022956
39.546614774217474
39.13632635309486
38.730436121293856
38.328893011581016
37.93164666229685
37.53864740482935
37.14984625132403
36.76519488263111
36.38464563649075
36.008151495955666
35.63566607805041
35.26714362266507
34.90253898168141
34.54180760832969
34.1849055467715
33.83178942190728
33.4824164294033
33.136744325935915
32.79473141964764
32.45633656081233
32.121519132704606
31.790239042669345
31.462456713387397
31.13813307433273
30.817229553416833
30.499708068816357
30.185531020979088
29.874661284804915
29.567062201996354
29.26269757357564
28.961531652563462
28.663529136815598
28.36865516201331
28.07687529480414
27.78815552608794
27.502462264446077
27.219762329709024
26.94002294665835
26.663211738861428
26.389296722633183
26.118246301123076
25.85002925852327
25.58461475439566
25.321972318113197
25.06207184341405
24.804883583064818
24.550378143630155
24.298526480345643
24.049299892092193
23.802670016468262
23.558608824957766
23.317088618191768
23.078082021300343
22.84156197935352
22.607501752888222
22.375874913519237
22.146655339632314
21.919817212157184
21.69533501041791
21.47318350805989
21.253337769050365
21.03577314375126
20.820465265062587
20.60739004463433
20.39652366914521
20.18784259664741
19.981323552974544
19.776943528212033
19.574679773228382
19.374509796265883
19.176411359589018
18.980362476189825
18.786341406548065
18.594326655445823
18.40429696883485
18.21623133075508
18.0301089603041
17.845909308655347
17.663612056124894
17.483197109285
17.30464459812402
17.127934873251174
16.95304850314524
16.779966271446696
16.608669174291812
16.439138417688067
16.271355414929932
16.105301784054358
15.940959345334743
15.778310118813256
15.617336321869795
15.458020366827705
15.300344858594778
15.144292592339653
14.989846551202177
14.836989904037182
14.685706003191253
14.53597838231208
14.387790754188643
14.241127008623314
14.095971210333579
13.952307596883863
13.81012057664695
13.669394726793337
13.53011479130963
13.392265679043875
13.255832461778347
13.120800372329024
12.987154802670839
12.854881302089183
12.723965575356011
12.59439348093125
12.466151029188026
12.33922438066212
12.213599844324742
12.089263875878695
11.966203076076509
11.844404189061525
11.723854100730703
11.604539837118704
11.486448562803314
11.369567579331733
11.253884323667176
11.139386366655733
11.026061411512822
10.913897292329489
10.802881972597294
10.69300354375248
10.584250223738549
10.476610355586976
10.370072406016082
10.26462496404729
10.160256739638925
10.056956562337318
9.95471337994419
9.853516257201456
9.753354374491485
9.654217026554104
9.556093621219075
9.458973678154301
9.36284682762937
9.267702809294219
9.17353147097277
9.080322767471257
8.988066759400779
8.896753612014455
8.806373594058376
8.716917076636529
8.628374532089383
8.54073653288582
8.453993750528197
8.368136954470913
8.283157011051482
8.19904488243425
8.115791625566931
8.033388391149348
7.951826422614164
7.871097055119971
7.791191714555806
7.71210191655782
7.633819265536841
7.556335453717886
7.47964226019054
7.403731549970311
7.328595273071338
7.254225463589285
7.180614238795177
7.107753798239495
7.035636422866965
6.964254474140985
6.8936003931786916
6.8236666998954245
6.754445992159338
6.685930944955569
6.61811430955978
6.550988912721374
6.48454765585585
6.418783514246457
6.353689536254647
6.289258842539698
6.225484625287049
6.162360147445512
6.099878741972698
6.0380338110894085
5.9768188255421775
5.916227323873949
5.856252911703129
5.796889261010836
5.738130109435623
5.6799692595767155
5.622400578304503
5.565417996078852
5.509015506275351
5.45318716451848
5.39792708802252
5.343229454939578
5.289088503715357
5.235498532451014
5.182453898273227
5.129949016710491
5.0779783610763864
5.026536461859866
4.975617906122069
4.925217336899772
4.875329452615479
4.825949006493936
4.7770708059848745
4.728689712192562
4.6808006393108945
4.633398554065158
4.586478475159808
4.54003547273216
4.494064667812184
4.448561231787794
4.403520385876525
4.358937400602438
4.314807595279299
4.271126337498505
4.22788904262343
4.185091173288567
4.142728238904658
4.100795795168807
4.059289443579924
4.018204830959625
3.977537648977863
3.9372836336842547
3.897438565043951
3.857998266478907
3.818958604413546
3.7803154878260106
3.742064867803704
3.7042027371038357
3.666725129718516
3.6296281204446603
3.592907824458533
3.556560396894744
3.520582032429614
3.4849689648694455
3.4497174667427246
3.4148238488969183
3.380284460099572
3.3460956866434457
3.312253951956252
3.2787557162141985
3.245597475959767
3.2127757637237186
3.1802871476508514
3.148128231129824
3.116295652427218
3.0847860843248043
3.0535962337615596
3.0227228414786014
2.9921626816685496
2.961912561628243
2.9319693214152887
2.9023298335080208
2.8729910024696435
2.843949764615143
2.815203087682314
2.786747970505955
2.758581442695792
2.7307005643173783
2.703102425576669
2.675784146508031
2.6487428766652585
2.6219757948159783
2.5954801086392116
2.569253054426378
2.5432918967848916
2.517593928345622
2.4921564694729383
2.466976867977692
2.4420524988337484
2.417380763896945
2.392959091627582
2.3687849368149227
2.344855780305788
2.3211691287350296
2.2977225142592506
2.2745134942933127
2.251539651249336
2.2287985922788676
2.2062879490174754
2.184005377331902
2.161948557070335
2.140115191814688
2.118503008635963
2.097109757851854
2.0759332127871977
2.0549711695366826
2.0342214467299655
2.013681885299522
1.9933503482508874
1.9732247204348503
1.9533029083228324
1.933582839783778
1.9140624638639625
1.8947397505688341
1.8756126906471082
1.8566792953771993
1.8379375963560292
1.8193856452897306
1.8010215137866372
1.782843293152597
1.7648490941882948
1.7470370469884726
1.7294053007437256
1.7119520235439474
1.6946754021839074
1.6775736419709393
1.6606449665348606
1.6438876176390762
1.6272998549946873
1.6108799560756788
1.594626215936481
1.5785369470313233
1.5626104790354598
1.546845158668288
1.5312393495180519
1.5157914318687762
1.500499802528898
1.4853628746611887
1.4703790776152326
1.4555468567610292
1.4408646733244181
1.426331004224601
1.4119443419129754
1.39770319421363
1.3836060841655846
1.369651549866857
1.3558381443198373
1.3421644352783264
1.3286290050963816
1.3152304505784054
1.3019673828312042
1.2888384271169897
1.2758422227085018
1.262977422745168
1.2502426940911497
1.2376367171944351
1.2251581859477292
1.2128058075507795
1.200578302373792
1.1884744038224817
1.1764928582047207
1.1646324245982331
1.1528918747196943
1.1412699927953094
1.1297655754328688
1.1183774314946597
1.10710438197219
1.0959452598618162
1.0848989100419406
1.0739641891514815
1.063139965469107
1.0524251187945104
1.0418185403301645
1.0313191325648159
1.0209258091578586
1.0106374948251216
1.000453125225643
0.9903716468498253
0.9803920169085111
0.9705132032234796
0.9607341841186148
0.9510539483127691
0.941471494813284
0.9319858328109345
0.9225959815756166
0.9133009703533681
0.9040998382644584
0.8949916342022057
0.8859754167333551
0.877050253999047
0.8682152236167928
0.8594694125839378
0.8508119171817267
0.842241842880196
0.8337583042445539
0.8253604248420886
0.8170473371502824
0.808818182465747
0.8006721108140888
0.7926082808608338
0.7846258598231386
0.7767240233824276
0.7689019555980084
0.7611588488213961
0.7534939036118398
0.7459063286522958
0.738395340666733
0.7309601643376465
0.7236000322253023
0.7163141846869248
0.7091018697973761
0.7019623432703007
0.694894868379987
0.687898715884474
0.6809731639491406
0.6741174980709014
0.6673310110036474
0.6606130026841246
0.6539627801585878
0.6473796575103014
0.6408629557879219
0.6344120029341823
0.6280261337157788
0.6217046896536714
0.6154470189541936
0.6092524764409811
0.6031204234874111
0.5970502279498497
0.591041264101489
0.5850929125669923
0.5792045602578231
0.573375600307947
0.567605432010481
0.5618934607550929
0.5562390979656622
0.5506417610388165
0.5451008732830659
0.5396158638587537
0.5341861677179432
0.5288112255460419
0.5234904837028007
0.5182233941649547
0.513009414468706
0.5078480076532051
0.5027386422044026
0.4976807919997935
0.49267393625331873
0.48771755946094253
0.48281115134705077
0.4779542068111574
0.47314622587511235
0.4683867136309675
0.4636751801894374
0.4590111406287857
0.45439411494411713
0.44982362799745973
0.44529920946819623
0.4408203938040573
0.43638672017246477
0.4319977324126221
0.4276529789877494
0.42335201293843877
0.4190943918356184
0.41487967773481066
0.4107074371301853
0.40657724090963426
0.4024886643099502
0.39844128687270836
0.39443469240021356
0.39046846891240217
0.3865422086039402
0.3826555078014444
0.3788079669219376
0.3749991904308403
0.3712287868009517
0.3674963684717606
0.36380155180900586
0.36014395706464875
0.35652320833764584
0.352938933534652
0.34939076433122795
0.34587833613372465
0.34240128804115877
0.33895926280778854
0.3355519068060034
0.33217886998937646
0.3288398058564168
0.3255343714144188
0.3222622271439524
0.3190230369633459
0.31581646819394255
0.31264219152549133
0.3094998809818119
0.30638921388704804
0.30330987083197336
0.30026153564095215
0.2972438953390615
0.2942566401194919
0.2912994633113518
0.28837206134801396
0.2854741337353117
0.2826053830205791
0.27976551476149225
0.27695423749577774
0.27417126271078396
0.271416304813475
0.2686890811008303
0.2659893117306527
0.263316719692377
0.26067103077820536
0.2580519735549345
0.25545927933548296
0.25289268215118177
0.25035191872418133
0.247836728440137
0.24534685332104375
0.24288203799859293
0.24044202968777412
0.23802657816034498
0.23563543571919543
0.2332683571725147
0.2309250998083877
0.2286054233696727
0.22630909002890465
0.22403586436396006
0.22178551333337987
0.2195578062523268
0.21735251476857584
0.21516941283907748
0.2130082767063706
0.21086888487526567
0.208751018090075
0.20665445931193788
0.2045789936962493
0.2025244085702934
0.20049049341147598
0.19847703982527645
0.1964838415237773
0.19451069430428758
0.19255739602819466
0.19062374660004777
0.18870954794679143
0.18681460399728547
0.18493872066204514
0.1830817058130132
0.18124336926399182
0.1794235227504803
0.17762197991060888
0.17583855626570413
0.1740730692011259
0.1723253379474104
0.17059518356169126
0.1688824289089636
0.16718689864406397
0.16550841919313744
0.16384681873603865
0.16220192718842402
0.16057357618410514
0.1589615990577073
0.15736583082737068
0.1557861081778254
0.15422226944337883
0.1526741545912477
0.15114160520505152
0.1496244644682948
0.14812257714841034
0.14663578958035886
0.14516394965108573
0.14370690678371456
0.1422645119218763
0.14083661751441598
0.13942307749991084
0.13802374729211497
0.13663848376441481
0.1352671452354347
0.13390959145427941
0.13256568358594473
0.1312352841971916
0.12991825724222564
0.12861446804865237
0.12732378330362532
0.1260460710398835
0.12478120062253807
0.12352904273519535
0.12228946936681583
0.12106235379824468
0.11984757058962245
0.11864499556688717
0.11745450580929934
0.11627597963667109
0.11510929659686837
0.11395433745317429
0.11281098417225323
0.1116791199118153
0.11055862900854264
0.10944939696633246
0.10835131044434229
0.10726425724518647
0.10618812630371846
0.1051228076753341
0.10406819252439566
0.10302417311364076
0.10199064279248873
0.10096749598642522
0.09995462818580075
0.09895193593530492
0.09795931682323154
0.09697666947085092
0.09600389352201343
0.09504088963287952
0.09408755946158323
0.09314380565802559
0.09220953185414657
0.09128464265364096
0.09036904362228704
0.08946264127825629
0.08856534308244107
0.0876770574289034
0.08679769363548444
0.0859271619343822
0.08506537346297123
0.08421224025473176
0.08336767522994333
0.08253159218706246
0.08170390579347715
0.08088453157697945
0.08007338591706577
0.07927038603612009
0.0784754499911683
0.07768849666514462
0.07690944575880827
0.07613821778225965
0.07537473404697938
0.07461891665764735
0.07387068850399865
0.07312997325304157
0.07239669534111329
0.0716707799662253
0.07095215308021824
0.07024074138119742
0.06953647230608054
0.06883927402303114
0.06814907542395399
0.06746580611764821
0.06678939642203308
0.06611977735710313
0.065456880638147
0.0648006386683927
0.06415098453218748
0.06350785198811736
0.06287117546207163
0.06224089004080534
0.06161693146492495
0.06099923612245985
0.0603877410423599
0.059782383887897236
0.05918310295029336
0.05858983714247433
0.05800252599266017
0.05742110963824882
0.05684552881964761
0.05627572487411076
0.05571163972978715
0.055153215899740024
0.05460039647617367
0.05405312512416121
0.053511346076401775
0.052975004127124935
0.05244404462652282
0.05191841347516839
0.05139805711851887
0.05088292254125716
0.05037295726188991
0.04986810932746972
0.04936832730821431
0.04887356029209904
0.048383757879795604
0.04789887017946005
0.04741884780152174
0.046943641853752216
0.04647320393612312
0.04600748613588395
0.045546441022644074
0.04509002164347076
0.044638181518256485
0.0441908746347337
0.04374805544367019
0.043309678854611885
0.04287570023082104
0.04244607538487691
0.04202076057418879
0.0415997124964526
0.041182888285195084
0.04077024550541252
0.040361742149053734
0.039957336631121734
0.039556987784968356
0.03916065485827583
0.038768297508847596
0.0383798758005668
0.037995350199047186
0.03761468156788582
0.03723783116441721
0.03686476063589059
0.036495432015414
0.03612980771822367
0.0357678505376748
0.035409523641501975
0.03505479056794008
0.034703615222216634
0.0343559618726948
0.034011795147195094
0.03367108002939035
0.03333378185522934
0.032999866309420714
0.032669299421912414
0.03234204756432547
0.03201807744662433
0.03169735611359065
0.03137985094156376
0.031065529634977693
0.03075436022321148
0.030446311057148467
0.030141350806001235
0.029839448454190516
